0.00099900099900099900,  0.00894124558744270256
0.00199800199800199800,  0.01778368291776726701
0.00299700299700299700,  0.02652829417228038181
0.00399600399600399600,  0.03517605176913586595
0.00499500499500499500,  0.04372791846038309033
0.00599400599400599400,  0.05218484742805073323
0.00699300699300699300,  0.06054778237927540413
0.00799200799200799200,  0.06881765764048471123
0.00899100899100899187,  0.07699539825064408149
0.00999000999000999000,  0.08508192005357667620
0.01098901098901098813,  0.09307812978936565174
0.01198801198801198800,  0.10098492518484784852
0.01298701298701298787,  0.10880319504320794255
0.01398601398601398600,  0.11653381933268201764
0.01498501498501498413,  0.12417766927437937086
0.01598401598401598400,  0.13173560742923134947
0.01698301698301698387,  0.13920848778407596269
0.01798201798201798374,  0.14659715583688665008
0.01898101898101898014,  0.15390244868115404708
0.01998001998001998000,  0.16112519508942876878
0.02097902097902097987,  0.16826621559603383016
0.02197802197802197627,  0.17532632257895497396
0.02297702297702297614,  0.18230632034091689975
0.02397602397602397600,  0.18920700518965352654
0.02497502497502497587,  0.19602916551738042150
0.02597402597402597574,  0.20277358187947727708
0.02697302697302697214,  0.20944102707238826389
0.02797202797202797200,  0.21603226621074778091
0.02897102897102897187,  0.22254805680374004084
0.02997002997002996827,  0.22898914883069915183
0.03096903096903096814,  0.23535628481595791128
0.03196803196803196800,  0.24165019990295263930
0.03296703296703296787,  0.24787162192759129575
0.03396603396603396774,  0.25402127149089231972
0.03496503496503496761,  0.26009986203090140755
0.03596403596403596747,  0.26610809989389355712
0.03696303696303696040,  0.27204668440486706738
0.03796203796203796027,  0.27791630793733701488
0.03896103896103896014,  0.28371765598243492423
0.03996003996003996001,  0.28945140721732159905
0.04095904095904095987,  0.29511823357291977477
0.04195804195804195974,  0.30071880030097369874
0.04295704295704295961,  0.30625376604044185491
0.04395604395604395254,  0.31172378288323004947
0.04495504495504495240,  0.31712949643927068610
0.04595404595404595227,  0.32247154590095566951
0.04695304695304695214,  0.32775056410692832154
0.04795204795204795201,  0.33296717760524141561
0.04895104895104895187,  0.33812200671588743539
0.04995004995004995174,  0.34321566559270721974
0.05094905094905095161,  0.34824876228468315542
0.05194805194805195148,  0.35322189879662313494
0.05294705294705294440,  0.35813567114924133028
0.05394605394605394427,  0.36299066943864172208
0.05494505494505494414,  0.36778747789521054612
0.05594405594405594401,  0.37252667494192287512
0.05694305694305694387,  0.37720883325206999714
0.05794205794205794374,  0.38183451980641291978
0.05894105894105894361,  0.38640429594976755112
0.05994005994005993654,  0.39091871744702771929
0.06093906093906093641,  0.39537833453863097111
0.06193806193806193627,  0.39978369199547325596
0.06293706293706294308,  0.40413532917327771310
0.06393606393606393601,  0.40843378006642300226
0.06493506493506492894,  0.41267957336123645140
0.06593406593406593574,  0.41687323248875762793
0.06693306693306692867,  0.42101527567697721866
0.06793206793206793548,  0.42510621600255682484
0.06893106893106892841,  0.42914656144203477961
0.06993006993006993521,  0.43313681492252265048
0.07092907092907092814,  0.43707747437189770068
0.07192807192807193495,  0.44096903276849702680
0.07292707292707292788,  0.44481197819031714769
0.07392607392607392081,  0.44860679386372487309
0.07492507492507492761,  0.45235395821168367103
0.07592407592407592054,  0.45605394490150086284
0.07692307692307692735,  0.45970722289210014244
0.07792207792207792028,  0.46331425648082441571
0.07892107892107892708,  0.46687550534977306782
0.07992007992007992001,  0.47039142461167865461
0.08091908091908091294,  0.47386246485532773631
0.08191808191808191975,  0.47728907219053012811
0.08291708291708291267,  0.48067168829264111940
0.08391608391608391948,  0.48401075044664154667
0.08491508491508491241,  0.48730669159077866226
0.08591408591408591922,  0.49055994035977446011
0.08691308691308691214,  0.49377092112760345710
0.08791208791208790507,  0.49694005404984620267
0.08891108891108891188,  0.50006775510562084808
0.08991008991008990481,  0.50315443613909838216
0.09090909090909091161,  0.50620050490060541915
0.09190809190809190454,  0.50920636508731764724
0.09290709290709291135,  0.51217241638354971123
0.09390609390609390428,  0.51509905450064419341
0.09490509490509491108,  0.51798667121646380096
0.09590409590409590401,  0.52083565441449120037
0.09690309690309689694,  0.52364638812254038491
0.09790209790209790375,  0.52641925255108312776
0.09890109890109889668,  0.52915462413119407348
0.09990009990009990348,  0.53185287555211946398
0.10089910089910089641,  0.53451437579847183024
0.10189810189810190322,  0.53713949018705475780
0.10289710289710289615,  0.53972858040332205576
0.10389610389610390295,  0.54228200453747477106
0.10489510489510489588,  0.54480011712019837944
0.10589410589410588881,  0.54728326915804570429
0.10689310689310689562,  0.54973180816846778374
0.10789210789210788854,  0.55214607821449634972
0.10889110889110889535,  0.55452641993908180496
0.10989010989010988828,  0.55687317059908958417
0.11088911088911089509,  0.55918666409895922964
0.11188811188811188801,  0.56146723102402784633
0.11288711288711288094,  0.56371519867352337663
0.11388611388611388775,  0.56593089109322936014
0.11488511488511488068,  0.56811462910782450919
0.11588411588411588748,  0.57026673035290220692
0.11688311688311688041,  0.57238750930667037231
0.11788211788211788722,  0.57447727732133668788
0.11888111888111888015,  0.57653634265418229887
0.11988011988011987308,  0.57856501049832609329
0.12087912087912087988,  0.58056358301318289339
0.12187812187812187281,  0.58253235935462011064
0.12287712287712287962,  0.58447163570481297512
0.12387612387612387255,  0.58638170530180466766
0.12487512487512487935,  0.58826285846877102159
0.12587412587412588616,  0.59011538264299567835
0.12687312687312687909,  0.59193956240455658513
0.12787212787212787202,  0.59373567950472716515
0.12887112887112886495,  0.59550401289409549133
0.12987012987012985787,  0.59724483875040390579
0.13086913086913087856,  0.59895843050611197178
0.13186813186813187149,  0.60064505887568520048
0.13286713286713286442,  0.60230499188261277244
0.13386613386613385734,  0.60393849488615625187
0.13486513486513487803,  0.60554583060783340187
0.13586413586413587096,  0.60712725915763743334
0.13686313686313686389,  0.60868303805999657285
0.13786213786213785681,  0.61021342227947539261
0.13886113886113884974,  0.61171866424622045599
0.13986013986013987043,  0.61319901388115272134
0.14085914085914086336,  0.61465471862091081157
0.14185814185814185628,  0.61608602344254448369
0.14285714285714284921,  0.61749317088796451536
0.14385614385614386990,  0.61887640108814800932
0.14485514485514486283,  0.62023595178710411169
0.14585414585414585575,  0.62157205836560103229
0.14685314685314684868,  0.62288495386465714265
0.14785214785214784161,  0.62417486900879892708
0.14885114885114886230,  0.62544203222908745232
0.14985014985014985522,  0.62668666968591590916
0.15084915084915084815,  0.62790900529158122367
0.15184815184815184108,  0.62910926073263029323
0.15284715284715283401,  0.63028765549198451090
0.15384615384615385469,  0.63144440687084446573
0.15484515484515484762,  0.63257973001037715033
0.15584415584415584055,  0.63369383791318678600
0.15684315684315683348,  0.63478694146457348424
0.15784215784215785416,  0.63585924945357885640
0.15884115884115884709,  0.63691096859382423379
0.15984015984015984002,  0.63794230354414027673
0.16083916083916083295,  0.63895345692899285783
0.16183816183816182588,  0.63994462935870444209
0.16283716283716284656,  0.64091601944947584890
0.16383616383616383949,  0.64186782384320784089
0.16483516483516483242,  0.64280023722712698042
0.16583416583416582535,  0.64371345235321464351
0.16683316683316684603,  0.64460766005744463136
0.16783216783216783896,  0.64548304927882849125
0.16883116883116883189,  0.64633980707827209944
0.16983016983016982482,  0.64717811865724417242
0.17082917082917081775,  0.64799816737625981489
0.17182817182817183843,  0.64880013477318021486
0.17282717282717283136,  0.64958420058133004016
0.17382617382617382429,  0.65035054274743520075
0.17482517482517481722,  0.65109933744938219835
0.17582417582417581015,  0.65183075911380072842
0.17682317682317683083,  0.65254498043347175518
0.17782217782217782376,  0.65324217238456239176
0.17882117882117881669,  0.65392250424368936201
0.17982017982017980962,  0.65458614360481337524
0.18081918081918083030,  0.65523325639596496917
0.18181818181818182323,  0.65586400689580415246
0.18281718281718281616,  0.65647855775001617840
0.18381618381618380909,  0.65707706998754289440
0.18481518481518480201,  0.65765970303665455265
0.18581418581418582270,  0.65822661474086008315
0.18681318681318681563,  0.65877796137466049231
0.18781218781218780856,  0.65931389765914527601
0.18881118881118880148,  0.65983457677743362346
0.18981018981018982217,  0.66034015038996229929
0.19080919080919081510,  0.66083076864962142505
0.19180819180819180803,  0.66130658021674015856
0.19280719280719280095,  0.66176773227392315935
0.19380619380619379388,  0.66221437054073895023
0.19480519480519481457,  0.66264663928826395001
0.19580419580419580750,  0.66306468135347995663
0.19680319680319680042,  0.66346863815352985494
0.19780219780219779335,  0.66385864969983132688
0.19880119880119881404,  0.66423485461204978542
0.19980019980019980697,  0.66459739013193297463
0.20079920079920079989,  0.66494639213700801328
0.20179820179820179282,  0.66528199515414188081
0.20279720279720278575,  0.66560433237296745546
0.20379620379620380644,  0.66591353565917577040
0.20479520479520479936,  0.66620973556767659751
0.20579420579420579229,  0.66649306135562813580
0.20679320679320678522,  0.66676364099533658170
0.20779220779220780591,  0.66702160118702824576
0.20879120879120879883,  0.66726706737149421578
0.20979020979020979176,  0.66750016374260978669
0.21078921078921078469,  0.66772101325972854635
0.21178821178821177762,  0.66792973765995433677
0.21278721278721279830,  0.66812645747029053567
0.21378621378621379123,  0.66831129201966932296
0.21478521478521478416,  0.66848435945086004395
0.21578421578421577709,  0.66864577673226044396
0.21678321678321677002,  0.66879565966956999734
0.21778221778221779070,  0.66893412291734799524
0.21878121878121878363,  0.66906127999045539312
0.21978021978021977656,  0.66917724327538430362
0.22077922077922076949,  0.66928212404147424675
0.22177822177822179017,  0.66937603245201693358
0.22277722277722278310,  0.66945907757525013881
0.22377622377622377603,  0.66953136739524377052
0.22477522477522476896,  0.66959300882267602795
0.22577422577422576189,  0.66964410770550342189
0.22677322677322678257,  0.66968476883952487988
0.22777222777222777550,  0.66971509597884038012
0.22877122877122876843,  0.66973519184620489142
0.22977022977022976136,  0.66974515814328150487
0.23076923076923078204,  0.66974509556079053763
0.23176823176823177497,  0.66973510378855882763
0.23276723276723276790,  0.66971528152546855317
0.23376623376623376083,  0.66968572648930824176
0.23476523476523475376,  0.66964653542652452511
0.23576423576423577444,  0.66959780412187774878
0.23676323676323676737,  0.66953962740800121445
0.23776223776223776030,  0.66947209917486572017
0.23876123876123875323,  0.66939531237914995376
0.23976023976023974615,  0.66930935905351751636
0.24075924075924076684,  0.66921433031580201956
0.24175824175824175977,  0.66911031637810070016
0.24275724275724275270,  0.66899740655577777382
0.24375624375624374562,  0.66887568927637797156
0.24475524475524476631,  0.66874525208845192470
0.24575424575424575924,  0.66860618167029362002
0.24675324675324675217,  0.66845856383859070249
0.24775224775224774509,  0.66830248355698951279
0.24875124875124873802,  0.66813802494457408265
0.24975024975024975871,  0.66796527128426175235
0.25074925074925075164,  0.66778430503111474437
0.25174825174825177232,  0.66759520782056913646
0.25274725274725273749,  0.66739806047658234434
0.25374625374625375818,  0.66719294301969922500
0.25474525474525472335,  0.66697993467503868814
0.25574425574425574403,  0.66675911388019981629
0.25674325674325676472,  0.66653055829309038050
0.25774225774225772989,  0.66629434479967730720
0.25874125874125875058,  0.66605054952165965165
0.25974025974025971575,  0.66579924782406585404
0.26073926073926073643,  0.66554051432277538947
0.26173826173826175712,  0.66527442289196503378
0.26273726273726272229,  0.66500104667148207671
0.26373626373626374297,  0.66472045807414348317
0.26473526473526470815,  0.66443272879296289002
0.26573426573426572883,  0.66413792980830554935
0.26673326673326674952,  0.66383613139497266165
0.26773226773226771469,  0.66352740312921387744
0.26873126873126873537,  0.66321181389567218645
0.26973026973026975606,  0.66288943189425830749
0.27072927072927072123,  0.66256032464695702178
0.27172827172827174191,  0.66222455900456567157
0.27272727272727270709,  0.66188220115336648952
0.27372627372627372777,  0.66153331662173198158
0.27472527472527474846,  0.66117797028666425163
0.27572427572427571363,  0.66081622638027037731
0.27672327672327673431,  0.66044814849617228258
0.27772227772227769949,  0.66007379959585410489
0.27872127872127872017,  0.65969324201494539128
0.27972027972027974085,  0.65930653746944212212
0.28071928071928070603,  0.65891374706186656152
0.28171828171828172671,  0.65851493128736482419
0.28271728271728269188,  0.65811015003974460136
0.28371628371628371257,  0.65769946261745293459
0.28471528471528473325,  0.65728292772949381551
0.28571428571428569843,  0.65686060350128727681
0.28671328671328671911,  0.65643254748047108471
0.28771228771228773979,  0.65599881664264347858
0.28871128871128870497,  0.65555946739704917814
0.28971028971028972565,  0.65511455559220987954
0.29070929070929069082,  0.65466413652149746394
0.29170829170829171151,  0.65420826492865269408
0.29270729270729273219,  0.65374699501324795570
0.29370629370629369737,  0.65328038043609748531
0.29470529470529471805,  0.65280847432461175384
0.29570429570429568322,  0.65233132927810055790
0.29670329670329670391,  0.65184899737302182121
0.29770229770229772459,  0.65136153016817910366
0.29870129870129868976,  0.65086897870986737402
0.29970029970029971045,  0.65037139353696749033
0.30069930069930067562,  0.64986882468598938800
0.30169830169830169631,  0.64936132169606686215
0.30269730269730271699,  0.64884893361390083566
0.30369630369630368216,  0.64833170899865433245
0.30469530469530470285,  0.64780969592679926716
0.30569430569430566802,  0.64728294199691371880
0.30669330669330668870,  0.64675149433443335223
0.30769230769230770939,  0.64621539959635365680
0.30869130869130867456,  0.64567470397588677677
0.30969030969030969525,  0.64512945320707171248
0.31068931068931071593,  0.64457969256933833613
0.31168831168831168110,  0.64402546689202666563
0.31268731268731270179,  0.64346682055886050833
0.31368631368631366696,  0.64290379751237758388
0.31468531468531468764,  0.64233644125831412808
0.31568431568431570833,  0.64176479486994797430
0.31668331668331667350,  0.64118890099239633784
0.31768231768231769419,  0.64060880184687218897
0.31868131868131865936,  0.64002453923489821541
0.31968031968031968004,  0.63943615454247837437
0.32067932067932070073,  0.63884368874422825524
0.32167832167832166590,  0.63824718240746447506
0.32267732267732268658,  0.63764667569625355092
0.32367632367632365176,  0.63704220837541991607
0.32467532467532467244,  0.63643381981451485618
0.32567432567432569313,  0.63582154899174514462
0.32667332667332665830,  0.63520543449786359691
0.32767232767232767898,  0.63458551454002054548
0.32867132867132864416,  0.63396182694557645654
0.32967032967032966484,  0.63333440916587757652
0.33066933066933068552,  0.63270329827999327588
0.33166833166833165070,  0.63206853099841675547
0.33266733266733267138,  0.63143014366672889359
0.33366633366633369207,  0.63078817226922556660
0.33466533466533465724,  0.63014265243250866533
0.33566433566433567792,  0.62949361942904202838
0.33666333666333664310,  0.62884110818067096016
0.33766233766233766378,  0.62818515326210877525
0.33866133866133868446,  0.62752578890438615034
0.33966033966033964964,  0.62686304899826783554
0.34065934065934067032,  0.62619696709763505993
0.34165834165834163549,  0.62552757642283463024
0.34265734265734265618,  0.62485490986399350177
0.34365634365634367686,  0.62417899998430204089
0.34465534465534464204,  0.62349987902326320377
0.34565434565434566272,  0.62281757889991051780
0.34665334665334662789,  0.62213213121599364452
0.34765234765234764858,  0.62144356725913196815
0.34865134865134866926,  0.62075191800593731983
0.34965034965034963443,  0.62005721412510550472
0.35064935064935065512,  0.61935948598047729785
0.35164835164835162029,  0.61865876363406813176
0.35264735264735264098,  0.61795507684906891832
0.35364635364635366166,  0.61724845509281611733
0.35464535464535462683,  0.61653892753973293939
0.35564435564435564752,  0.61582652307424068372
0.35664335664335666820,  0.61511127029364132124
0.35764235764235763337,  0.61439319751097243305
0.35864135864135865406,  0.61367233275783161783
0.35964035964035961923,  0.61294870378717469794
0.36063936063936063992,  0.61222233807608572587
0.36163836163836166060,  0.61149326282851867997
0.36263736263736262577,  0.61076150497801307004
0.36363636363636364646,  0.61002709119038134311
0.36463536463536461163,  0.60929004786637042113
0.36563436563436563231,  0.60855040114429670428
0.36663336663336665300,  0.60780817690265431796
0.36763236763236761817,  0.60706340076269826866
0.36863136863136863886,  0.60631609809100095454
0.36963036963036960403,  0.60556629400198425106
0.37062937062937062471,  0.60481401336042550643
0.37162837162837164540,  0.60405928078393966718
0.37262737262737261057,  0.60330212064543575767
0.37362637362637363125,  0.60254255707554904564
0.37462537462537465194,  0.60178061396504989311
0.37562437562437561711,  0.60101631496722784931
0.37662337662337663780,  0.60024968350025209585
0.37762237762237760297,  0.59948074274950879925
0.37862137862137862365,  0.59870951566991503778
0.37962037962037964434,  0.59793602498820974667
0.38061938061938060951,  0.59716029320522179269
0.38161838161838163019,  0.59638234259811540028
0.38261738261738259537,  0.59560219522261392822
0.38361638361638361605,  0.59481987291520066474
0.38461538461538463674,  0.59403539729529808433
0.38561438561438560191,  0.59324878976742601022
0.38661338661338662259,  0.59246007152333690637
0.38761238761238758777,  0.59166926354413174050
0.38861138861138860845,  0.59087638660235364263
0.38961038961038962913,  0.59008146126406058052
0.39060939060939059431,  0.58928450789087860606
0.39160839160839161499,  0.58848554664203334141
0.39260739260739258016,  0.58768459747636214718
0.39360639360639360085,  0.58688168015430641766
0.39460539460539462153,  0.58607681423988289282
0.39560439560439558671,  0.58527001910263665163
0.39660339660339660739,  0.58446131391957423240
0.39760239760239762807,  0.58365071767707754624
0.39860139860139859325,  0.58283824917279836164
0.39960039960039961393,  0.58202392701753480342
0.40059940059940057910,  0.58120776963708875584
0.40159840159840159979,  0.58038979527410405890
0.40259740259740262047,  0.57957002198988805119
0.40359640359640358565,  0.57874846766621357297
0.40459540459540460633,  0.57792515000710364959
0.40559440559440557150,  0.57710008654059830047
0.40659340659340659219,  0.57627329462050425057
0.40759240759240761287,  0.57544479142812654526
0.40859140859140857804,  0.57461459397398328974
0.40959040959040959873,  0.57378271909950329110
0.41058941058941056390,  0.57294918347870715802
0.41158841158841158459,  0.57211400361987096996
0.41258741258741260527,  0.57127719586717384814
0.41358641358641357044,  0.57043877640232953929
0.41458541458541459113,  0.56959876124620090199
0.41558441558441561181,  0.56875716626039907187
0.41658341658341657698,  0.56791400714886641765
0.41758241758241759767,  0.56706929945944373195
0.41858141858141856284,  0.56622305858542198997
0.41958041958041958353,  0.56537529976707867618
0.42057942057942060421,  0.56452603809319867878
0.42157842157842156938,  0.56367528850258019624
0.42257742257742259007,  0.56282306578552565579
0.42357642357642355524,  0.56196938458531786598
0.42457542457542457592,  0.56111425939968129217
0.42557442557442559661,  0.56025770458222912129
0.42657342657342656178,  0.55939973434389533846
0.42757242757242758247,  0.55854036275435370307
0.42857142857142854764,  0.55767960374342151475
0.42957042957042956832,  0.55681747110244983467
0.43056943056943058901,  0.55595397848569971799
0.43156843156843155418,  0.55508913941170534567
0.43256743256743257486,  0.55422296726462261240
0.43356643356643354004,  0.55335547529556539104
0.43456543456543456072,  0.55248667662392780819
0.43556443556443558141,  0.55161658423869375234
0.43656343656343654658,  0.55074521099973283711
0.43756243756243756726,  0.54987256963908415219
0.43856143856143858795,  0.54899867276222669155
0.43956043956043955312,  0.54812353284933768016
0.44055944055944057380,  0.54724716225653791124
0.44155844155844153898,  0.54636957321712464886
0.44255744255744255966,  0.54549077784279320635
0.44355644355644358034,  0.54461078812484509104
0.44455544455544454552,  0.54372961593538504665
0.44555444555444556620,  0.54284727302850566133
0.44655344655344653138,  0.54196377104146087333
0.44755244755244755206,  0.54107912149582682027
0.44855144855144857274,  0.54019333579865203010
0.44955044955044953792,  0.53930642524359617695
0.45054945054945055860,  0.53841840101205651337
0.45154845154845152377,  0.53752927417428408852
0.45254745254745254446,  0.53663905569048886424
0.45354645354645356514,  0.53574775641193306264
0.45454545454545453032,  0.53485538708201452174
0.45554445554445555100,  0.53396195833733872682
0.45654345654345651617,  0.53306748070878040568
0.45754245754245753686,  0.53217196462253424372
0.45854145854145855754,  0.53127542040115594002
0.45954045954045952271,  0.53037785826459205030
0.46053946053946054340,  0.52947928833119994874
0.46153846153846156408,  0.52857972061875801995
0.46253746253746252926,  0.52767916504546485967
0.46353646353646354994,  0.52677763143092970477
0.46453546453546451511,  0.52587512949715209398
0.46553446553446553580,  0.52497166886949198084
0.46653346653346655648,  0.52406725907763096473
0.46753246753246752165,  0.52316190955652253081
0.46853146853146854234,  0.52225562964733462934
0.46953046953046950751,  0.52134842859838093077
0.47052947052947052820,  0.52044031556604486433
0.47152847152847154888,  0.51953129961569244344
0.47252747252747251405,  0.51862138972257743053
0.47352647352647353474,  0.51771059477273750904
0.47452547452547449991,  0.51679892356388035246
0.47552447552447552059,  0.51588638480626203275
0.47652347652347654128,  0.51497298712355643602
0.47752247752247750645,  0.51405873905371557431
0.47852147852147852714,  0.51314364904982201487
0.47952047952047949231,  0.51222772548093209455
0.48051948051948051299,  0.51131097663291169564
0.48151848151848153368,  0.51039341070926269595
0.48251748251748249885,  0.50947503583194220234
0.48351648351648351953,  0.50855586004217256946
0.48451548451548454022,  0.50763589130124431303
0.48551448551448550539,  0.50671513749131047444
0.48651348651348652607,  0.50579360641617332472
0.48751248751248749125,  0.50487130580206329711
0.48851148851148851193,  0.50394824329840970378
0.48951048951048953262,  0.50302442647860456937
0.49050949050949049779,  0.50209986284075847074
0.49150849150849151847,  0.50117455980844849428
0.49250749250749248365,  0.50024852473145942078
0.49350649350649350433,  0.49932176488651708324
0.49450549450549452501,  0.49839428747801461927
0.49550449550449549019,  0.49746609963873161808
0.49650349650349651087,  0.49653720843054588441
0.49750249750249747605,  0.49560762084513798609
0.49850149850149849673,  0.49467734380468958433
0.49950049950049951741,  0.49374638416257377038
0.50049950049950053810,  0.49281474870403924049
0.50149850149850150327,  0.49188244414688742090
0.50249750249750246844,  0.49094947714214287604
0.50349650349650354464,  0.49001585427471738843
0.50449550449550450981,  0.48908158206406671109
0.50549450549450547499,  0.48814666696484143582
0.50649350649350644016,  0.48721111536753120008
0.50749250749250751635,  0.48627493359910234361
0.50849150849150848153,  0.48533812792362940325
0.50949050949050944670,  0.48440070454292039059
0.51048951048951052289,  0.48346266959713557476
0.51148851148851148807,  0.48252402916540038103
0.51248751248751245324,  0.48158478926641201667
0.51348651348651352944,  0.48064495585904026820
0.51448551448551449461,  0.47970453484292191471
0.51548451548451545978,  0.47876353205904986776
0.51648351648351653598,  0.47782195329035592746
0.51748251748251750115,  0.47687980426228793185
0.51848151848151846632,  0.47593709064338118875
0.51948051948051943150,  0.47499381804582424538
0.52047952047952050769,  0.47404999202601905139
0.52147852147852147286,  0.47310561808513523774
0.52247752247752243804,  0.47216070166965928845
0.52347652347652351423,  0.47121524817193810586
0.52447552447552447941,  0.47026926293071735774
0.52547452547452544458,  0.46932275123167382924
0.52647352647352652077,  0.46837571830794350047
0.52747252747252748595,  0.46742816934064335133
0.52847152847152845112,  0.46648010945938866989
0.52947052947052941629,  0.46553154374280492078
0.53046953046953049249,  0.46458247721903472849
0.53146853146853145766,  0.46363291486623958715
0.53246753246753242284,  0.46268286161309657434
0.53346653346653349903,  0.46173232233929056845
0.53446553446553446420,  0.46078130187600085943
0.53546453546453542938,  0.45982980500638354071
0.53646353646353650557,  0.45887783646604873855
0.53746253746253747074,  0.45792540094353340052
0.53846153846153843592,  0.45697250308076908798
0.53946053946053951211,  0.45601914747354532764
0.54045954045954047729,  0.45506533867196813370
0.54145854145854144246,  0.45411108118091436658
0.54245754245754240763,  0.45315637946048104023
0.54345654345654348383,  0.45220123792643063254
0.54445554445554444900,  0.45124566095063162185
0.54545454545454541417,  0.45028965286149508218
0.54645354645354649037,  0.44933321794440639341
0.54745254745254745554,  0.44837636044215295472
0.54845154845154842072,  0.44741908455534784572
0.54945054945054949691,  0.44646139444284871356
0.55044955044955046208,  0.44550329422217321840
0.55144855144855142726,  0.44454478796990953837
0.55244755244755239243,  0.44358587972212365491
0.55344655344655346862,  0.44262657347476180858
0.55444555444555443380,  0.44166687318404945772
0.55544455544455539897,  0.44070678276688612929
0.55644355644355647517,  0.43974630610123627283
0.55744255744255744034,  0.43878544702651628429
0.55844155844155840551,  0.43782420934397769940
0.55944055944055948171,  0.43686259681708666802
0.56043956043956044688,  0.43590061317189920942
0.56143856143856141205,  0.43493826209743347011
0.56243756243756248825,  0.43397554724603792931
0.56343656343656345342,  0.43301247223375538553
0.56443556443556441859,  0.43204904064068433422
0.56543456543456538377,  0.43108525601133607097
0.56643356643356645996,  0.43012112185498851957
0.56743256743256742514,  0.42915664164603634090
0.56843156843156839031,  0.42819181882433771102
0.56943056943056946650,  0.42722665679555793528
0.57042957042957043168,  0.42626115893150873237
0.57142857142857139685,  0.42529532857048524264
0.57242757242757247305,  0.42432916901759909489
0.57342657342657343822,  0.42336268354510814271
0.57442557442557440339,  0.42239587539274309202
0.57542457542457547959,  0.42142874776803074255
0.57642357642357644476,  0.42046130384661428714
0.57742257742257740993,  0.41949354677257028046
0.57842157842157837511,  0.41852547965872194391
0.57942057942057945130,  0.41755710558695041668
0.58041958041958041647,  0.41658842760850212095
0.58141858141858138165,  0.41561944874429324059
0.58241758241758245784,  0.41465017198521103570
0.58341658341658342302,  0.41368060029241265907
0.58441558441558438819,  0.41271073659762058661
0.58541458541458546438,  0.41174058380341505003
0.58641358641358642956,  0.41077014478352391613
0.58741258741258739473,  0.40979942238310934632
0.58841158841158835990,  0.40882841941905184724
0.58941058941058943610,  0.40785713868023132367
0.59040959040959040127,  0.40688558292780546699
0.59140859140859136645,  0.40591375489548531252
0.59240759240759244264,  0.40494165728980813235
0.59340659340659340781,  0.40396929279040733052
0.59440559440559437299,  0.40299666405028000682
0.59540459540459544918,  0.40202377369605185597
0.59640359640359641435,  0.40105062432823923579
0.59740259740259737953,  0.40007721852150845976
0.59840159840159845572,  0.39910355882493314672
0.59940059940059942090,  0.39812964776224823993
0.60039960039960038607,  0.39715548783210213868
0.60139860139860135124,  0.39618108150830605441
0.60239760239760242744,  0.39520643124008070224
0.60339660339660339261,  0.39423153945230099415
0.60439560439560435778,  0.39325640854573779004
0.60539460539460543398,  0.39228104089729776138
0.60639360639360639915,  0.39130543886026036837
0.60739260739260736432,  0.39032960476451283860
0.60839160839160844052,  0.38935354091678270327
0.60939060939060940569,  0.38837724960086794646
0.61038961038961037087,  0.38740073307786515588
0.61138861138861133604,  0.38642399358639484275
0.61238761238761241223,  0.38544703334282498508
0.61338661338661337741,  0.38446985454149229522
0.61438561438561434258,  0.38349245935492121129
0.61538461538461541878,  0.38251484993404061274
0.61638361638361638395,  0.38153702840839853749
0.61738261738261734912,  0.38055899688637478961
0.61838161838161842532,  0.37958075745539127110
0.61938061938061939049,  0.37860231218212042625
0.62037962037962035566,  0.37762366311269124353
0.62137862137862143186,  0.37664481227289370313
0.62237762237762239703,  0.37566576166838078210
0.62337662337662336220,  0.37468651328486890506
0.62437562437562432738,  0.37370706908833578597
0.62537462537462540357,  0.37272743102521682657
0.62637362637362636875,  0.37174760102259929440
0.62737262737262733392,  0.37076758098841472444
0.62837162837162841011,  0.36978737281162926687
0.62937062937062937529,  0.36880697836243231391
0.63036963036963034046,  0.36782639949242285082
0.63136863136863141666,  0.36684563803479458555
0.63236763236763238183,  0.36586469580451869144
0.63336663336663334700,  0.36488357459852532871
0.63436563436563431218,  0.36390227619588233487
0.63536463536463538837,  0.36292080235797335996
0.63636363636363635354,  0.36193915482867311528
0.63736263736263731872,  0.36095733533452195596
0.63836163836163839491,  0.35997534558489791001
0.63936063936063936008,  0.35899318727218726410
0.64035964035964032526,  0.35801086207195359501
0.64135864135864140145,  0.35702837164310491369
0.64235764235764236663,  0.35604571762805914403
0.64335664335664333180,  0.35506290165290821381
0.64435564435564440799,  0.35407992532758014725
0.64535464535464537317,  0.35309679024599988084
0.64635364635364633834,  0.35211349798624835827
0.64735264735264730351,  0.35113005011071996009
0.64835164835164837971,  0.35014644816627832347
0.64935064935064934488,  0.34916269368441094079
0.65034965034965031005,  0.34817878818138187080
0.65134865134865138625,  0.34719473315838306204
0.65234765234765235142,  0.34621053010168428843
0.65334665334665331660,  0.34522618048278125302
0.65434565434565439279,  0.34424168575854263707
0.65534465534465535796,  0.34325704737135553923
0.65634365634365632314,  0.34227226674926919392
0.65734265734265728831,  0.34128734530613769049
0.65834165834165836451,  0.34030228444176108260
0.65934065934065932968,  0.33931708554202488770
0.66033966033966029485,  0.33833174997903869841
0.66133866133866137105,  0.33734627911127285094
0.66233766233766233622,  0.33636067428369414989
0.66333666333666330139,  0.33537493682790003868
0.66433566433566437759,  0.33438906806225154877
0.66533466533466534276,  0.33340306929200480557
0.66633366633366630793,  0.33241694180944136860
0.66733266733266738413,  0.33143068689399707294
0.66833166833166834930,  0.33044430581238992684
0.66933066933066931448,  0.32945779981874628861
0.67032967032967027965,  0.32847117015472626633
0.67132867132867135584,  0.32748441804964750768
0.67232767232767232102,  0.32649754472060793509
0.67332667332667328619,  0.32551055137260698213
0.67432567432567436239,  0.32452343919866638577
0.67532467532467532756,  0.32353620937994864715
0.67632367632367629273,  0.32254886308587521482
0.67732267732267736893,  0.32156140147424333575
0.67832167832167833410,  0.32057382569134129646
0.67932067932067929927,  0.31958613687206294252
0.68031968031968026445,  0.31859833614002103230
0.68131868131868134064,  0.31761042460765925854
0.68231768231768230581,  0.31662240337636332610
0.68331668331668327099,  0.31563427353657091956
0.68431568431568434718,  0.31464603616788044960
0.68531468531468531236,  0.31365769233915880010
0.68631368631368627753,  0.31266924310864790959
0.68731268731268735372,  0.31168068952407068650
0.68831168831168831890,  0.31069203262273531463
0.68931068931068928407,  0.30970327343163883693
0.69030969030969036027,  0.30871441296756968464
0.69130869130869132544,  0.30772545223720904062
0.69230769230769229061,  0.30673639223723153657
0.69330669330669325578,  0.30574723395440450702
0.69430569430569433198,  0.30475797836568657706
0.69530469530469529715,  0.30376862643832502897
0.69630369630369626233,  0.30277917912995266914
0.69730269730269733852,  0.30178963738868291866
0.69830169830169830369,  0.30080000215320484847
0.69930069930069926887,  0.29981027435287660454
0.70029970029970034506,  0.29882045490781833363
0.70129870129870131024,  0.29783054472900394316
0.70229770229770227541,  0.29684054471835197297
0.70329670329670324058,  0.29585045576881563445
0.70429570429570431678,  0.29486027876447196139
0.70529470529470528195,  0.29387001458061001724
0.70629370629370624712,  0.29287966408381815864
0.70729270729270732332,  0.29188922813207079932
0.70829170829170828849,  0.29089870757481378627
0.70929070929070925366,  0.28990810325304910977
0.71028971028971032986,  0.28891741599941905827
0.71128871128871129503,  0.28792664663828920757
0.71228771228771226021,  0.28693579598583079937
0.71328671328671333640,  0.28594486485010195409
0.71428571428571430157,  0.28495385403112860612
0.71528471528471526675,  0.28396276432098416231
0.71628371628371623192,  0.28297159650386866092
0.71728271728271730812,  0.28198035135618687574
0.71828171828171827329,  0.28098902964662597626
0.71928071928071923846,  0.27999763213623213298
0.72027972027972031466,  0.27900615957848651227
0.72127872127872127983,  0.27801461271938043840
0.72227772227772224500,  0.27702299229748988951
0.72327672327672332120,  0.27603129904404932748
0.72427572427572428637,  0.27503953368302430649
0.72527472527472525154,  0.27404769693118419260
0.72627372627372632774,  0.27305578949817332912
0.72727272727272729291,  0.27206381208658197979
0.72827172827172825809,  0.27107176539201666143
0.72927072927072922326,  0.27007965010316903331
0.73026973026973029945,  0.26908746690188534156
0.73126873126873126463,  0.26809521646323386523
0.73226773226773222980,  0.26710289945557252889
0.73326673326673330600,  0.26611051654061562699
0.73426573426573427117,  0.26511806837349988220
0.73526473526473523634,  0.26412555560284967093
0.73626373626373631254,  0.26313297887084197146
0.73726273726273727771,  0.26214033881327031272
0.73826173826173824288,  0.26114763605960822357
0.73926073926073920806,  0.26015487123307218242
0.74025974025974028425,  0.25916204495068367875
0.74125874125874124942,  0.25816915782333077489
0.74225774225774221460,  0.25717621045582916839
0.74325674325674329079,  0.25618320344698253255
0.74425574425574425597,  0.25519013738964230198
0.74525474525474522114,  0.25419701287076673646
0.74625374625374629733,  0.25320383047147959621
0.74725274725274726251,  0.25221059076712815106
0.74825174825174822768,  0.25121729432734057896
0.74925074925074930388,  0.25022394171608269842
0.75024975024975026905,  0.24923053349171442328
0.75124875124875123422,  0.24823707020704538495
0.75224775224775219939,  0.24724355240939019374
0.75324675324675327559,  0.24624998064062295078
0.75424575424575424076,  0.24525635543723131593
0.75524475524475520594,  0.24426267733037021479
0.75624375624375628213,  0.24326894684591474083
0.75724275724275724730,  0.24227516450451255792
0.75824175824175821248,  0.24128133082163608081
0.75924075924075928867,  0.24028744630763368417
0.76023976023976025385,  0.23929351146778080062
0.76123876123876121902,  0.23829952680233024154
0.76223776223776218419,  0.23730549280656212940
0.76323676323676326039,  0.23631140997083346922
0.76423576423576422556,  0.23531727878062691506
0.76523476523476519073,  0.23432309971659928682
0.76623376623376626693,  0.23332887325462953187
0.76723276723276723210,  0.23233459986586629809
0.76823176823176819727,  0.23134028001677481301
0.76923076923076927347,  0.23034591416918354101
0.77022977022977023864,  0.22935150278033028526
0.77122877122877120382,  0.22835704630290770689
0.77222777222777228001,  0.22736254518510864986
0.77322677322677324518,  0.22636799987067074413
0.77422577422577421036,  0.22537341079892078688
0.77522477522477517553,  0.22437877840481848524
0.77622377622377625173,  0.22338410311899994931
0.77722277722277721690,  0.22238938536782065780
0.77822177822177818207,  0.22139462557339803506
0.77922077922077925827,  0.22039982415365350077
0.78021978021978022344,  0.21940498152235421436
0.78121878121878118861,  0.21841009808915437529
0.78221778221778226481,  0.21741517425963613475
0.78321678321678322998,  0.21642021043535003555
0.78421578421578419515,  0.21542520701385509119
0.78521478521478516033,  0.21443016438875844853
0.78621378621378623652,  0.21343508294975471751
0.78721278721278720170,  0.21243996308266485662
0.78821178821178816687,  0.21144480516947461446
0.78921078921078924306,  0.21044960958837272136
0.79020979020979020824,  0.20945437671378860922
0.79120879120879117341,  0.20845910691642974277
0.79220779220779224961,  0.20746380056331864550
0.79320679320679321478,  0.20646845801782962027
0.79420579420579417995,  0.20547307963972488709
0.79520479520479525615,  0.20447766578519047109
0.79620379620379622132,  0.20348221680687189616
0.79720279720279718649,  0.20248673305390924027
0.79820179820179815167,  0.20149121487197207969
0.79920079920079922786,  0.20049566260329390599
0.80019980019980019303,  0.19950007658670629307
0.80119880119880115821,  0.19850445715767281452
0.80219780219780223440,  0.19750880464832235028
0.80319680319680319958,  0.19651311938748236563
0.80419580419580416475,  0.19551740170071169045
0.80519480519480524094,  0.19452165191033304881
0.80619380619380620612,  0.19352587033546511663
0.80719280719280717129,  0.19253005729205449614
0.80819180819180813646,  0.19153421309290716290
0.80919080919080921266,  0.19053833804771971860
0.81018981018981017783,  0.18954243246311031079
0.81118881118881114300,  0.18854649664264921949
0.81218781218781221920,  0.18755053088688911078
0.81318681318681318437,  0.18655453549339515162
0.81418581418581414955,  0.18555851075677456952
0.81518481518481522574,  0.18456245696870615669
0.81618381618381619091,  0.18356637441796927468
0.81718281718281715609,  0.18257026339047274788
0.81818181818181823228,  0.18157412416928342402
0.81918081918081919746,  0.18057795703465437387
0.82017982017982016263,  0.17958176226405289655
0.82117882117882112780,  0.17858554013218819190
0.82217782217782220400,  0.17758929091103875519
0.82317682317682316917,  0.17659301486987954988
0.82417582417582413434,  0.17559671227530881943
0.82517482517482521054,  0.17460038339127478824
0.82617382617382617571,  0.17360402847910200164
0.82717282717282714088,  0.17260764779751733289
0.82817182817182821708,  0.17161124160267585137
0.82917082917082918225,  0.17061481014818635771
0.83016983016983014743,  0.16961835368513669686
0.83116883116883122362,  0.16862187246211887692
0.83216783216783218879,  0.16762536672525377157
0.83316683316683315397,  0.16662883671821579479
0.83416583416583411914,  0.16563228268225713147
0.83516483516483519534,  0.16463570485623191253
0.83616383616383616051,  0.16363910347661994593
0.83716283716283712568,  0.16264247877755036442
0.83816183816183820188,  0.16164583099082502349
0.83916083916083916705,  0.16064916034594159400
0.84015984015984013222,  0.15965246707011643279
0.84115884115884120842,  0.15865575138830737001
0.84215784215784217359,  0.15765901352323602458
0.84315684315684313876,  0.15666225369541014745
0.84415584415584410394,  0.15566547212314554849
0.84515484515484518013,  0.15466866902258796790
0.84615384615384614531,  0.15367184460773453125
0.84715284715284711048,  0.15267499909045526008
0.84815184815184818667,  0.15167813268051411058
0.84915084915084915185,  0.15068124558558987358
0.85014985014985011702,  0.14968433801129696348
0.85114885114885119322,  0.14868741016120595733
0.85214785214785215839,  0.14769046223686391195
0.85314685314685312356,  0.14669349443781434794
0.85414585414585419976,  0.14569650696161737247
0.85514485514485516493,  0.14469950000386924693
0.85614385614385613010,  0.14370247375822192692
0.85714285714285709528,  0.14270542841640249110
0.85814185814185817147,  0.14170836416823218151
0.85914085914085913664,  0.14071128120164527742
0.86013986013986010182,  0.13971417970270805231
0.86113886113886117801,  0.13871705985563712038
0.86213786213786214319,  0.13771992184281800498
0.86313686313686310836,  0.13672276584482326300
0.86413586413586418455,  0.13572559204043044279
0.86513486513486514973,  0.13472840060664009743
0.86613386613386611490,  0.13373119171869327082
0.86713286713286708007,  0.13273396555008909470
0.86813186813186815627,  0.13173672227260208034
0.86913086913086912144,  0.13073946205629924378
0.87012987012987008661,  0.12974218506955709218
0.87112887112887116281,  0.12874489147907841602
0.87212787212787212798,  0.12774758144990891462
0.87312687312687309316,  0.12675025514545368299
0.87412587412587416935,  0.12575291272749358762
0.87512487512487513452,  0.12475555435620128142
0.87612387612387609970,  0.12375818019015731586
0.87712287712287717589,  0.12276079038636585061
0.87812187812187814107,  0.12176338510027040485
0.87912087912087910624,  0.12076596448576935872
0.88011988011988007141,  0.11976852869523126055
0.88111888111888114761,  0.11877107787951010631
0.88211788211788211278,  0.11777361218796035536
0.88311688311688307795,  0.11677613176845184906
0.88411588411588415415,  0.11577863676738454901
0.88511488511488511932,  0.11478112732970319199
0.88611388611388608449,  0.11378360359891169507
0.88711288711288716069,  0.11278606571708749140
0.88811188811188812586,  0.11178851382489576882
0.88911088911088909104,  0.11079094806160344477
0.89010989010989005621,  0.10979336856509305798
0.89110889110889113240,  0.10879577547187660458
0.89210789210789209758,  0.10779816891710906901
0.89310689310689306275,  0.10680054903460196869
0.89410589410589413895,  0.10580291595683674610
0.89510489510489510412,  0.10480526981497788330
0.89610389610389606929,  0.10380761073888608581
0.89710289710289714549,  0.10280993885713117508
0.89810189810189811066,  0.10181225429700496710
0.89910089910089907583,  0.10081455718453398440
0.90009990009990015203,  0.09981684764449197389
0.90109890109890111720,  0.09881912580041243843
0.90209790209790208237,  0.09782139177460087709
0.90309690309690304755,  0.09682364568814706696
0.90409590409590412374,  0.09582588766093713684
0.90509490509490508892,  0.09482811781166548826
0.90609390609390605409,  0.09383033625784664711
0.90709290709290713028,  0.09283254311582708751
0.90809190809190809546,  0.09183473850079670875
0.90909090909090906063,  0.09083692252680038159
0.91008991008991013683,  0.08983909530674934196
0.91108891108891110200,  0.08884125695243251519
0.91208791208791206717,  0.08784340757452753501
0.91308691308691303234,  0.08684554728261191514
0.91408591408591410854,  0.08584767618517392951
0.91508491508491507371,  0.08484979438962345077
0.91608391608391603889,  0.08385190200230266400
0.91708291708291711508,  0.08285399912849668314
0.91808191808191808025,  0.08185608587244405654
0.91908091908091904543,  0.08085816233734718916
0.92007992007992012162,  0.07986022862538261213
0.92107892107892108680,  0.07886228483771119679
0.92207792207792205197,  0.07786433107448822999
0.92307692307692312816,  0.07686636743487346157
0.92407592407592409334,  0.07586839401704094377
0.92507492507492505851,  0.07487041091818884275
0.92607392607392602368,  0.07387241823454915313
0.92707292707292709988,  0.07287441606139732908
0.92807192807192806505,  0.07187640449306173518
0.92907092907092903022,  0.07087838362293306937
0.93006993006993010642,  0.06988035354347375827
0.93106893106893107159,  0.06888231434622704707
0.93206793206793203677,  0.06788426612182626996
0.93306693306693311296,  0.06688620896000381510
0.93406593406593407813,  0.06588814294960013140
0.93506493506493504331,  0.06489006817857255471
0.93606393606393600848,  0.06389198473400410638
0.93706293706293708468,  0.06289389270211216687
0.93806193806193804985,  0.06189579216825708691
0.93906093906093901502,  0.06089768321695073622
0.94005994005994009122,  0.05989956593186489264
0.94105894105894105639,  0.05890144039583961738
0.94205794205794202156,  0.05790330669089152615
0.94305694305694309776,  0.05690516489822195628
0.94405594405594406293,  0.05590701509822509907
0.94505494505494502810,  0.05490885737049598647
0.94605394605394610430,  0.05391069179383846388
0.94705294705294706947,  0.05291251844627304496
0.94805194805194803465,  0.05191433740504469707
0.94905094905094899982,  0.05091614874663055734
0.95004995004995007601,  0.04991795254674753074
0.95104895104895104119,  0.04891974888035990898
0.95204795204795200636,  0.04792153782168680903
0.95304695304695308256,  0.04692331944420958384
0.95404595404595404773,  0.04592509382067916368
0.95504495504495501290,  0.04492686102312330731
0.95604395604395608910,  0.04392862112285381149
0.95704295704295705427,  0.04293037419047360942
0.95804195804195801944,  0.04193212029588381379
0.95904095904095898462,  0.04093385950829071807
0.96003996003996006081,  0.03993559189621267297
0.96103896103896102598,  0.03893731752748692820
0.96203796203796199116,  0.03793903646927643258
0.96303696303696306735,  0.03694074878807650231
0.96403596403596403253,  0.03594245454972148229
0.96503496503496499770,  0.03494415381939129650
0.96603396603396607389,  0.03394584666161796355
0.96703296703296703907,  0.03294753314029204294
0.96803196803196800424,  0.03194921331866900499
0.96903096903096908044,  0.03095088725937553825
0.97002997002997004561,  0.02995255502441580148
0.97102897102897101078,  0.02895421667517762698
0.97202797202797197595,  0.02795587227243862688
0.97302697302697305215,  0.02695752187637226113
0.97402597402597401732,  0.02595916554655386052
0.97502497502497498250,  0.02496080334196655939
0.97602397602397605869,  0.02396243532100717638
0.97702297702297702386,  0.02296406154149205348
0.97802197802197798904,  0.02196568206066281531
0.97902097902097906523,  0.02096729693519210069
0.98001998001998003041,  0.01996890622118920391
0.98101898101898099558,  0.01897050997420566751
0.98201798201798207177,  0.01797210824924084377
0.98301698301698303695,  0.01697370110074738342
0.98401598401598400212,  0.01597528858263665488
0.98501498501498496729,  0.01497687074828412887
0.98601398601398604349,  0.01397844765053471959
0.98701298701298700866,  0.01298001934170803749
0.98801198801198797383,  0.01198158587360362813
0.98901098901098905003,  0.01098314729750613471
0.99000999000999001520,  0.00998470366419041550
0.99100899100899098038,  0.00898625502392661618
0.99200799200799205657,  0.00798780142648517801
0.99300699300699302174,  0.00698934292114181382
0.99400599400599398692,  0.00599087955668242082
0.99500499500499495209,  0.00499241138140795165
0.99600399600399602829,  0.00399393844313923260
0.99700299700299699346,  0.00299546078922174148
0.99800199800199795863,  0.00199697846653032517
0.99900099900099903483,  0.00099849152147388383
