1.600    -1.92994   0.37155    0.98014    0.08962
1.650    -1.91623   0.39864    0.97588    0.09847
1.700    -1.90069   0.43126    0.97090    0.11054
1.750    -1.88305   0.46841    0.96506    0.12668
1.800    -1.86305   0.51166    0.95818    0.14898
1.850    -1.84039   0.56099    0.95003    0.18050
1.900    -1.81498   0.61297    0.94044    0.22255
1.950    -1.78619   0.67607    0.92893    0.28541
2.000    -1.75364   0.75257    0.91496    0.38418
2.050    -1.71662   0.84433    0.89769    0.54652
2.100    -1.67428   0.95183    0.87573    0.82983
2.110    -1.66534   0.97667    0.87067    0.92600
2.120    -1.65592   1.00352    0.86523    1.04515
2.130    -1.64599   1.04412    0.85932    1.17167
2.140    -1.63597   1.07158    0.85328    1.30263
2.150    -1.62569   1.10250    0.84657    1.51787
2.160    -1.61502   1.13138    0.83954    1.66649
2.170    -1.60380   1.17891    0.83144    2.01848
2.180    -1.59259   1.21298    0.82347    2.51544
2.190    -1.58087   1.24393    0.81509    2.49883
2.200    -1.56822   1.29526    0.80476    3.00848
2.200    -1.56829   1.30889    0.80438    3.40659
2.210    -1.55537   1.35279    0.79360    3.94787
2.220    -1.54214   1.39598    0.78159    4.71811
2.230    -1.52753   1.48493    0.76624    6.71696
2.240    -1.51318   1.56100    0.75098    8.94094
2.250    -1.49811   1.61215    0.73378    10.42903
2.260    -1.48220   1.68413    0.71389    14.01337
2.270    -1.46492   1.78805    0.68652    20.75180
2.280    -1.44715   1.83655    0.65617    27.91082
2.290    -1.42969   1.86276    0.62643    33.44256
2.300    -1.40967   1.89024    0.58054    46.89718
2.300    -1.41016   1.87679    0.58651    41.41123
2.310    -1.39176   1.84919    0.54817    48.42364
2.320    -1.37290   1.79103    0.50303    54.84285
2.330    -1.35764   1.71857    0.47932    52.11542
2.340    -1.34017   1.60415    0.43920    51.28196
2.350    -1.32468   1.55014    0.40876    50.62830
2.360    -1.31038   1.47498    0.38545    47.72254
2.370    -1.29553   1.40913    0.35420    45.46607
2.380    -1.28261   1.36064    0.33508    42.85190
2.390    -1.26954   1.30675    0.31762    38.32456
2.400    -1.25652   1.25182    0.30460    34.36235
2.400    -1.25642   1.25160    0.29941    35.55197
2.410    -1.24462   1.19412    0.28309    32.28546
2.420    -1.23250   1.15844    0.26866    30.14610
2.430    -1.22210   1.13048    0.25979    28.08918
2.440    -1.21088   1.09151    0.24878    26.12580
2.450    -1.20016   1.06590    0.23691    24.36103
2.460    -1.19003   1.04535    0.23029    22.88527
2.470    -1.18017   1.00816    0.22166    21.40489
2.480    -1.17006   0.97949    0.21039    20.01565
2.490    -1.16099   0.95931    0.20377    19.11976
2.500    -1.15116   0.93780    0.19817    17.63853
2.500    -1.15142   0.93151    0.19935    17.89776
2.550    -1.10805   0.83887    0.17034    13.73798
2.600    -1.06900   0.75696    0.15047    11.07693
2.650    -1.03342   0.69111    0.13526    8.95184
2.700    -1.00090   0.63747    0.12250    7.33502
2.750    -0.97069   0.58739    0.11238    6.31536
2.800    -0.94297   0.54561    0.10431    5.50328
2.850    -0.91698   0.51011    0.09738    4.73432
2.900    -0.89255   0.47798    0.09099    4.26125
2.950    -0.87004   0.44859    0.08659    3.78609
3.000    -0.84853   0.42237    0.08219    3.42234
