1.600    -1.92934   0.52008    0.97996    0.15027
1.650    -1.91559   0.53766    0.97567    0.15718
1.700    -1.89988   0.55938    0.97063    0.16691
1.750    -1.88207   0.58714    0.96473    0.18088
1.800    -1.86178   0.62129    0.95773    0.20120
1.850    -1.83895   0.66219    0.94950    0.23070
1.900    -1.81311   0.71363    0.93972    0.27392
1.950    -1.78401   0.76943    0.92803    0.33546
2.000    -1.75094   0.83931    0.91377    0.43334
2.050    -1.71335   0.92720    0.89605    0.61235
2.100    -1.67035   1.03485    0.87352    0.91040
2.100    -1.67034   1.03515    0.87349    0.91463
2.110    -1.66100   1.06616    0.86823    1.00859
2.120    -1.65147   1.08980    0.86257    1.14335
2.130    -1.64134   1.12015    0.85645    1.25558
2.140    -1.63119   1.15513    0.85005    1.43683
2.150    -1.62038   1.18955    0.84302    1.64497
2.150    -1.62040   1.18354    0.84300    1.65342
2.160    -1.60939   1.21715    0.83566    1.84933
2.170    -1.59806   1.25581    0.82751    2.18910
2.180    -1.58619   1.30844    0.81850    2.81356
2.190    -1.57397   1.33447    0.80901    3.02587
2.200    -1.56106   1.39290    0.79815    3.67642
2.200    -1.56132   1.38545    0.79869    3.64150
2.210    -1.54765   1.45485    0.78595    4.63172
2.220    -1.53354   1.52043    0.77198    6.17012
2.230    -1.51878   1.60133    0.75572    8.80634
2.240    -1.50399   1.67148    0.73995    10.66487
2.250    -1.48683   1.74848    0.71672    14.32672
2.250    -1.48641   1.78459    0.71532    15.65280
2.260    -1.46899   1.93184    0.68694    26.10134
2.270    -1.45013   2.02584    0.64995    44.08715
2.280    -1.43042   2.11918    0.60619    66.55065
2.290    -1.41146   2.11751    0.56715    78.33516
2.300    -1.39062   2.05828    0.51016    92.86420
2.300    -1.38909   2.09415    0.49222    115.65731
2.310    -1.37047   1.96280    0.44478    109.59075
2.320    -1.35185   1.76409    0.39230    105.04919
2.330    -1.33582   1.70350    0.36306    93.04987
2.340    -1.31960   1.60493    0.32879    87.27500
2.350    -1.30459   1.51404    0.29823    75.80724
2.350    -1.30441   1.51303    0.29642    70.83324
2.360    -1.29027   1.46008    0.27889    66.29702
2.370    -1.27674   1.39216    0.25969    62.47583
2.380    -1.26385   1.33520    0.24083    52.75322
2.390    -1.25100   1.29265    0.22394    49.50287
2.400    -1.23898   1.24638    0.21159    45.12106
2.400    -1.23898   1.23210    0.21226    43.03340
2.410    -1.22742   1.19213    0.20099    40.00355
2.420    -1.21596   1.15499    0.18928    36.66468
2.430    -1.20507   1.12582    0.18295    33.97439
2.440    -1.19426   1.09752    0.17356    32.13462
2.450    -1.18401   1.06247    0.16433    28.46993
2.450    -1.18406   1.05788    0.16528    28.55778
2.460    -1.17384   1.04181    0.15912    25.68347
2.470    -1.16381   1.00854    0.15313    24.46890
2.480    -1.15459   0.98696    0.14754    23.21398
2.490    -1.14513   0.95908    0.14114    21.18422
2.500    -1.13593   0.94419    0.13537    20.48046
2.500    -1.13603   0.93464    0.13553    20.41701
2.550    -1.09347   0.83833    0.11577    14.95906
2.600    -1.05524   0.75909    0.10155    11.59801
2.650    -1.02024   0.69282    0.09163    9.49355
2.700    -0.98820   0.63973    0.08282    7.90018
2.750    -0.95880   0.59272    0.07608    6.71043
2.750    -0.95849   0.59407    0.07610    6.69897
2.800    -0.93123   0.54999    0.07070    5.67271
2.850    -0.90559   0.51248    0.06585    5.00722
2.900    -0.88157   0.48181    0.06175    4.39077
2.950    -0.85904   0.45157    0.05835    3.94427
3.000    -0.83793   0.42517    0.05509    3.55564
