1.600    -1.93665   0.23308    0.98220    0.03777
1.650    -1.92445   0.26376    0.97846    0.04653
1.700    -1.91051   0.29813    0.97409    0.05753
1.750    -1.89490   0.33566    0.96903    0.07210
1.800    -1.87755   0.37372    0.96323    0.08953
1.850    -1.85778   0.41842    0.95639    0.11160
1.900    -1.83579   0.46652    0.94843    0.14276
1.950    -1.81129   0.51908    0.93924    0.18144
2.000    -1.78440   0.57238    0.92856    0.23584
2.050    -1.75420   0.63821    0.91587    0.31243
2.100    -1.72058   0.70783    0.90071    0.41821
2.110    -1.71351   0.72301    0.89725    0.45271
2.120    -1.70564   0.73835    0.89355    0.47489
2.130    -1.69829   0.75521    0.88998    0.50780
2.140    -1.69115   0.76632    0.88669    0.52949
2.150    -1.68303   0.78122    0.88235    0.58373
2.160    -1.67508   0.80486    0.87815    0.63490
2.170    -1.66757   0.81304    0.87456    0.65062
2.180    -1.65932   0.82750    0.87027    0.68122
2.190    -1.65115   0.84241    0.86592    0.72536
2.200    -1.64309   0.85919    0.86159    0.77449
2.210    -1.63348   0.88030    0.85571    0.86577
2.220    -1.62451   0.89410    0.85083    0.90330
2.230    -1.61605   0.90357    0.84612    0.95171
2.240    -1.60622   0.92684    0.84013    1.03889
2.250    -1.59776   0.93333    0.83535    1.07017
2.260    -1.58815   0.95363    0.82966    1.15177
2.270    -1.57887   0.96701    0.82343    1.24806
2.280    -1.56849   0.98335    0.81699    1.32254
2.290    -1.55799   1.00156    0.80995    1.41792
2.300    -1.54853   1.00765    0.80380    1.50319
2.310    -1.53838   1.02159    0.79650    1.61990
2.320    -1.52830   1.02995    0.79067    1.63503
2.330    -1.51737   1.03994    0.78262    1.75846
2.340    -1.50685   1.05166    0.77511    1.85203
2.350    -1.49668   1.05859    0.76818    1.94152
2.360    -1.48553   1.06407    0.75946    2.07061
2.370    -1.47540   1.06387    0.75253    2.10543
2.380    -1.46427   1.07633    0.74394    2.23841
2.390    -1.45501   1.06708    0.73785    2.24257
2.400    -1.44318   1.07513    0.72812    2.40051
2.410    -1.43276   1.07096    0.72021    2.45993
2.420    -1.42200   1.07622    0.71173    2.58311
2.430    -1.41149   1.07691    0.70324    2.66937
2.440    -1.40015   1.07354    0.69387    2.78255
2.450    -1.39062   1.05604    0.68685    2.78781
2.460    -1.37929   1.05126    0.67699    2.87942
2.470    -1.36942   1.05154    0.66960    2.93061
2.480    -1.35854   1.03550    0.66052    2.97159
2.490    -1.34391   1.02926    0.64836    3.06187
2.500    -1.33754   1.01780    0.64212    3.11630
2.550    -1.28797   0.95420    0.59964    3.25645
2.600    -1.24167   0.87901    0.56109    3.24390
2.650    -1.20001   0.81773    0.52526    3.22616
2.700    -1.16019   0.74529    0.49233    3.06342
2.750    -1.12490   0.68718    0.46518    2.90047
2.800    -1.09169   0.63587    0.43977    2.73086
2.850    -1.06130   0.58817    0.41669    2.55448
2.900    -1.03333   0.55062    0.39705    2.41066
2.950    -1.00606   0.51248    0.37791    2.24664
3.000    -0.98145   0.48165    0.36276    2.10674
