1.600    -1.92909   0.72384    0.97988    0.23434
1.650    -1.91523   0.72673    0.97556    0.23798
1.700    -1.89940   0.73606    0.97048    0.24493
1.750    -1.88149   0.75181    0.96453    0.25636
1.800    -1.86119   0.77294    0.95752    0.27325
1.850    -1.83819   0.80248    0.94923    0.29985
1.900    -1.81223   0.84123    0.93938    0.33971
1.950    -1.78277   0.89013    0.92751    0.40064
2.000    -1.74962   0.95500    0.91315    0.50347
2.050    -1.71180   1.02797    0.89532    0.66601
2.100    -1.66824   1.13056    0.87221    1.00378
2.100    -1.66830   1.13982    0.87236    0.99253
2.110    -1.65876   1.16065    0.86685    1.10142
2.120    -1.64905   1.18189    0.86108    1.20821
2.130    -1.63909   1.21459    0.85504    1.34806
2.140    -1.62862   1.24161    0.84852    1.49992
2.150    -1.61772   1.27255    0.84123    1.72411
2.150    -1.61782   1.27382    0.84128    1.75092
2.160    -1.60657   1.31639    0.83341    2.04977
2.170    -1.59503   1.35684    0.82528    2.36907
2.180    -1.58303   1.39532    0.81626    2.69915
2.190    -1.57046   1.43374    0.80608    3.33998
2.200    -1.55735   1.49132    0.79473    4.16644
2.200    -1.55748   1.48430    0.79476    4.06078
2.210    -1.54400   1.55998    0.78276    4.95267
2.220    -1.52960   1.61175    0.76835    6.24461
2.230    -1.51455   1.70571    0.75175    8.71379
2.240    -1.49861   1.77919    0.73223    11.94429
2.250    -1.48116   1.89973    0.70609    19.04514
2.250    -1.48122   1.92226    0.70644    19.88987
2.260    -1.46216   2.11818    0.66897    53.20311
2.270    -1.44253   2.22043    0.62965    66.98979
2.280    -1.42139   2.27716    0.57324    107.15230
2.290    -1.39964   2.28978    0.50294    147.18489
2.300    -1.37924   2.13959    0.43877    174.93587
2.310    -1.35951   1.97694    0.37455    170.43408
2.320    -1.34190   1.81838    0.33013    148.27095
2.330    -1.32485   1.68791    0.28283    126.55947
2.340    -1.30967   1.62914    0.26272    109.54077
2.350    -1.29462   1.53134    0.23620    86.44199
2.350    -1.29490   1.55182    0.23881    92.76557
2.360    -1.28063   1.46612    0.21711    76.90107
2.370    -1.26737   1.41554    0.20155    68.78128
2.380    -1.25472   1.35264    0.18680    60.97329
2.390    -1.24188   1.30266    0.17274    52.13451
2.400    -1.23002   1.26630    0.16375    49.12451
2.400    -1.23026   1.25825    0.16390    49.05459
2.410    -1.21857   1.22533    0.15217    42.07117
2.420    -1.20756   1.18209    0.14601    40.93552
2.430    -1.19670   1.14084    0.13944    36.74374
2.440    -1.18599   1.11455    0.13210    32.68581
2.450    -1.17573   1.07676    0.12529    30.48637
2.450    -1.17583   1.08038    0.12700    30.73040
2.460    -1.16589   1.04988    0.12182    27.81632
2.470    -1.15610   1.02446    0.11617    26.26106
2.480    -1.14667   1.00004    0.11100    24.41404
2.490    -1.13743   0.97556    0.10676    22.61866
2.500    -1.12853   0.95488    0.10425    21.28032
2.550    -1.08637   0.85711    0.08845    15.87770
2.600    -1.04833   0.77306    0.07729    12.07103
2.650    -1.01377   0.70943    0.06865    9.66141
2.700    -0.98203   0.65256    0.06258    8.05684
2.750    -0.95266   0.60589    0.05773    6.81035
2.750    -0.95255   0.60477    0.05736    6.78790
2.800    -0.92538   0.56028    0.05313    5.86396
2.850    -0.89992   0.52207    0.04940    5.10718
2.900    -0.87603   0.48959    0.04663    4.52712
2.950    -0.85382   0.46001    0.04400    4.00236
3.000    -0.83269   0.43451    0.04160    3.55432
