1.600    -1.93252   0.26231    0.98093    0.04688
1.650    -1.91936   0.29618    0.97687    0.05675
1.700    -1.90448   0.33331    0.97214    0.06913
1.750    -1.88765   0.37343    0.96661    0.08511
1.800    -1.86852   0.41801    0.96011    0.10650
1.850    -1.84721   0.46715    0.95255    0.13456
1.900    -1.82303   0.52302    0.94360    0.17291
1.950    -1.79584   0.58384    0.93294    0.22667
2.000    -1.76553   0.65118    0.92034    0.30421
2.050    -1.73121   0.73541    0.90491    0.43099
2.100    -1.69287   0.82836    0.88609    0.62731
2.110    -1.68430   0.85050    0.88152    0.69014
2.120    -1.67558   0.87482    0.87687    0.75634
2.130    -1.66670   0.89865    0.87172    0.85876
2.140    -1.65779   0.91607    0.86694    0.91580
2.150    -1.64810   0.95130    0.86106    1.05064
2.160    -1.63906   0.97161    0.85589    1.12909
2.170    -1.62985   0.99409    0.85060    1.20879
2.180    -1.61888   1.02610    0.84317    1.41984
2.190    -1.60844   1.05008    0.83619    1.57197
2.200    -1.59840   1.08091    0.82946    1.73754
2.200    -1.59811   1.08522    0.82911    1.76925
2.210    -1.58790   1.10827    0.82260    1.89357
2.220    -1.57661   1.13718    0.81436    2.10282
2.230    -1.56488   1.16452    0.80499    2.51720
2.240    -1.55251   1.20557    0.79490    2.95744
2.250    -1.54078   1.23584    0.78611    3.11461
2.260    -1.52776   1.27287    0.77411    3.76961
2.270    -1.51576   1.30955    0.76321    4.35360
2.280    -1.50208   1.31950    0.75071    4.69523
2.290    -1.48873   1.34357    0.73790    5.15831
2.300    -1.47602   1.37099    0.72651    5.63836
2.300    -1.47654   1.35731    0.72740    5.47758
2.310    -1.46197   1.39183    0.71037    6.59032
2.320    -1.44880   1.39199    0.69820    6.72509
2.330    -1.43428   1.41734    0.68136    7.63369
2.340    -1.42081   1.39822    0.66707    7.86316
2.350    -1.40604   1.39938    0.64945    8.49438
2.360    -1.39351   1.38639    0.63675    8.72426
2.370    -1.37843   1.37836    0.61487    9.88832
2.380    -1.36377   1.36565    0.59688    10.25728
2.390    -1.35118   1.34199    0.58195    10.51884
2.400    -1.33822   1.30681    0.56721    10.51486
2.400    -1.33777   1.31498    0.56593    10.59133
2.410    -1.32470   1.28683    0.54817    11.01005
2.420    -1.31192   1.25381    0.53230    10.97711
2.430    -1.30069   1.21644    0.52198    10.41418
2.440    -1.28796   1.19405    0.50379    10.81568
2.450    -1.27559   1.16214    0.48946    10.62446
2.460    -1.26486   1.13293    0.47624    10.51254
2.470    -1.25373   1.09164    0.46377    10.19783
2.480    -1.24278   1.07421    0.45047    10.28789
2.490    -1.23249   1.04003    0.44069    9.88974
2.500    -1.22242   1.01712    0.42851    9.80635
2.500    -1.22166   1.01305    0.42585    9.74177
2.550    -1.17478   0.89638    0.37985    8.49777
2.600    -1.13217   0.80459    0.34015    7.24296
2.650    -1.09396   0.73289    0.30900    6.41432
2.700    -1.05887   0.66868    0.28258    5.53624
2.750    -1.02693   0.61703    0.26320    4.88579
2.800    -0.99689   0.57159    0.24524    4.36005
2.850    -0.96902   0.53157    0.23058    3.86834
2.900    -0.94377   0.49930    0.21780    3.49529
2.950    -0.91987   0.46921    0.20698    3.16896
3.000    -0.89701   0.44056    0.19632    2.88371
