1.600    -1.93108   0.29266    0.98049    0.05787
1.650    -1.91769   0.32489    0.97634    0.06768
1.700    -1.90244   0.36252    0.97147    0.08063
1.750    -1.88508   0.40147    0.96574    0.09697
1.800    -1.86544   0.44639    0.95902    0.11910
1.850    -1.84341   0.49623    0.95115    0.14861
1.900    -1.81854   0.55444    0.94185    0.19085
1.950    -1.79050   0.61782    0.93072    0.25028
2.000    -1.75890   0.69308    0.91734    0.34157
2.050    -1.72319   0.78215    0.90084    0.49406
2.100    -1.68249   0.88220    0.88018    0.74455
2.110    -1.67387   0.90959    0.87571    0.80397
2.120    -1.66481   0.93642    0.87052    0.89673
2.130    -1.65537   0.96486    0.86508    1.01720
2.140    -1.64609   0.98306    0.85964    1.09479
2.150    -1.63610   1.01300    0.85353    1.23764
2.160    -1.62619   1.04252    0.84740    1.37909
2.170    -1.61496   1.08357    0.84000    1.56969
2.180    -1.60421   1.12433    0.83254    1.89610
2.190    -1.59350   1.14762    0.82518    2.02850
2.200    -1.58207   1.18412    0.81659    2.37021
2.200    -1.58144   1.19120    0.81555    2.54261
2.210    -1.57008   1.22600    0.80707    2.92467
2.220    -1.55754   1.26968    0.79643    3.38186
2.230    -1.54500   1.30509    0.78608    3.91341
2.240    -1.53236   1.34235    0.77526    4.27564
2.250    -1.51877   1.39259    0.76218    5.25812
2.260    -1.50318   1.45657    0.74375    7.16152
2.270    -1.48973   1.48641    0.73054    8.00065
2.280    -1.47427   1.54542    0.71121    9.63815
2.290    -1.45916   1.56972    0.69297    11.28653
2.300    -1.44403   1.58588    0.67450    12.54458
2.300    -1.44349   1.58497    0.67220    13.43029
2.310    -1.42753   1.60808    0.65113    14.35402
2.320    -1.41132   1.60115    0.62696    16.69689
2.330    -1.39497   1.60159    0.60086    18.68705
2.340    -1.37921   1.58441    0.57721    20.13771
2.350    -1.36418   1.55099    0.55556    20.21563
2.360    -1.34936   1.49585    0.52887    22.13995
2.370    -1.33450   1.46125    0.50716    22.13095
2.380    -1.31988   1.39343    0.48538    21.06626
2.390    -1.30600   1.35535    0.46132    21.93233
2.400    -1.29328   1.30194    0.44546    20.83659
2.400    -1.29361   1.30928    0.44623    20.85793
2.410    -1.28135   1.25863    0.43025    20.03051
2.420    -1.26843   1.22164    0.41017    19.61520
2.430    -1.25594   1.16864    0.38999    18.84714
2.440    -1.24516   1.14943    0.37936    18.40042
2.450    -1.23320   1.11018    0.36543    17.45481
2.460    -1.22309   1.07588    0.35623    16.15597
2.470    -1.21238   1.05170    0.34137    15.99695
2.480    -1.20229   1.01685    0.33051    15.03215
2.490    -1.19197   0.99317    0.31946    14.39734
2.500    -1.18184   0.96911    0.31021    13.77805
2.500    -1.18285   0.96838    0.31287    14.00286
2.550    -1.13702   0.85310    0.27029    11.14367
2.600    -1.09688   0.77331    0.24065    9.27734
2.650    -1.05993   0.70964    0.21646    7.65672
2.700    -1.02629   0.65137    0.19812    6.50439
2.750    -0.99498   0.60020    0.18240    5.67085
2.800    -0.96694   0.55502    0.16991    4.92979
2.850    -0.93991   0.51781    0.15829    4.33947
2.900    -0.91517   0.48381    0.14970    3.87950
2.950    -0.89185   0.45506    0.14137    3.50376
3.000    -0.86940   0.42806    0.13389    3.16316
