1.600    -1.93036   0.32855    0.98027    0.07204
1.650    -1.91677   0.35936    0.97604    0.08169
1.700    -1.90137   0.39356    0.97112    0.09389
1.750    -1.88378   0.43220    0.96530    0.11045
1.800    -1.86398   0.47564    0.95850    0.13262
1.850    -1.84154   0.52503    0.95048    0.16247
1.900    -1.81635   0.58309    0.94101    0.20491
1.950    -1.78778   0.64871    0.92960    0.26805
2.000    -1.75563   0.72189    0.91585    0.36375
2.050    -1.71918   0.81210    0.89895    0.51836
2.100    -1.67759   0.92317    0.87749    0.81707
2.110    -1.66861   0.94770    0.87263    0.87228
2.120    -1.65922   0.97636    0.86716    0.99685
2.130    -1.64983   0.99943    0.86179    1.07097
2.140    -1.63992   1.03422    0.85569    1.24553
2.150    -1.62975   1.05700    0.84943    1.35109
2.160    -1.61920   1.09950    0.84240    1.58894
2.170    -1.60840   1.12252    0.83530    1.73971
2.180    -1.59689   1.16977    0.82678    2.14050
2.190    -1.58550   1.19009    0.81876    2.30479
2.200    -1.57364   1.24711    0.80979    2.72211
2.200    -1.57338   1.25252    0.80894    2.97557
2.210    -1.56131   1.29290    0.79945    3.35509
2.220    -1.54811   1.34412    0.78762    4.11743
2.230    -1.53413   1.42934    0.77378    5.49412
2.240    -1.51959   1.50030    0.75781    7.69679
2.250    -1.50510   1.54776    0.74191    9.75537
2.260    -1.49087   1.56902    0.72800    10.01273
2.270    -1.47471   1.62787    0.70648    12.59802
2.280    -1.45774   1.68950    0.68196    16.65129
2.290    -1.44115   1.73843    0.65558    21.88353
2.300    -1.42280   1.79022    0.62196    27.78236
2.300    -1.42269   1.74314    0.62437    25.70773
2.310    -1.40637   1.75562    0.59667    29.27509
2.320    -1.38979   1.71274    0.56879    30.51883
2.330    -1.37140   1.66603    0.52908    35.30282
2.340    -1.35547   1.60996    0.50153    34.95703
2.350    -1.34022   1.54986    0.47833    34.30930
2.360    -1.32487   1.48995    0.44635    35.25084
2.370    -1.31096   1.42128    0.42666    32.96813
2.380    -1.29611   1.38896    0.39850    31.85683
2.390    -1.28327   1.32381    0.37754    31.88727
2.400    -1.27062   1.26436    0.36123    28.23228
2.400    -1.27055   1.25851    0.36199    28.02572
2.410    -1.25768   1.21142    0.34339    27.28620
2.420    -1.24574   1.19467    0.32388    26.44327
2.430    -1.23485   1.14838    0.31289    24.44974
2.440    -1.22372   1.11621    0.30391    22.18357
2.450    -1.21222   1.07236    0.28756    21.42760
2.460    -1.20258   1.04734    0.27798    20.59060
2.470    -1.19199   1.01831    0.26813    18.95359
2.480    -1.18230   0.99066    0.25885    18.05953
2.490    -1.17240   0.96632    0.25111    17.37525
2.500    -1.16301   0.93915    0.24269    16.14428
2.500    -1.16270   0.94815    0.24350    16.52714
2.550    -1.11858   0.84304    0.20944    12.71994
2.600    -1.07912   0.76416    0.18479    10.08023
2.650    -1.04310   0.69608    0.16605    8.46849
2.700    -1.01049   0.64061    0.15087    7.07969
2.750    -0.98002   0.58837    0.13921    6.07042
2.800    -0.95173   0.54697    0.12887    5.25865
2.850    -0.92541   0.51379    0.12095    4.64587
2.900    -0.90125   0.47997    0.11412    4.16015
2.950    -0.87803   0.44957    0.10739    3.65998
3.000    -0.85660   0.42333    0.10227    3.30361
